17 3
Fig1.jpg 1000 900 870
Fig1.jpg 980 700 550
Fig1.jpg 930 830 500
Fig2.jpg 900 800 600
Fig2.jpg 950 880 760
Fig2.jpg 940 850 810
Fig3.jpg 990 890 800
Fig3.jpg 1000 1000 960
Fig3.jpg 970 910 880
Fig4.jpg 970 950 940
Fig4.jpg 980 960 770
Fig4.jpg 990 920 890
Fig5.jpg 940 940 800
Fig5.jpg 990 980 900
Fig5.jpg 930 930 870
Fig6.jpg 500 480 450
Fig6.jpg 550 520 290
Fig6.jpg 510 500 450
Fig7.jpg 740 740 690
Fig7.jpg 760 750 710
Fig7.jpg 750 710 650
Fig8.jpg 880 810 660
Fig8.jpg 860 840 820
Fig8.jpg 890 850 750
Fig9.jpg 955 960 940
Fig9.jpg 970 950 910
Fig9.jpg 920 910 870
Fig10.jpg 670 620 610
Fig10.jpg 690 660 650
Fig10.jpg 660 660 610
Fig11.jpg 720 710 680
Fig11.jpg 740 760 720
Fig11.jpg 770 720 650
Fig12.jpg 790 770 760
Fig12.jpg 880 850 780
Fig12.jpg 830 840 810
Fig13.jpg 660 610 610
Fig13.jpg 700 700 670
Fig13.jpg 640 620 570
Fig14.jpg 820 770 670
Fig14.jpg 830 800 790
Fig14.jpg 850 790 730
Fig15.jpg 580 540 500
Fig15.jpg 550 540 490
Fig15.jpg 550 510 480
Fig16.jpg 330 310 190
Fig16.jpg 350 370 270
Fig16.jpg 390 360 320
Fig17.jpg 290 275 210
Fig17.jpg 320 320 290
Fig17.jpg 240 220 100