15 2
Fig1.jpg 1000 900 870
Fig1.jpg 980 700 550
Fig2.jpg 900 800 600
Fig2.jpg 950 880 760
Fig3.jpg 990 890 800
Fig3.jpg 1000 1000 960
Fig4.jpg 970 950 940
Fig4.jpg 980 960 770
Fig5.jpg 940 940 800
Fig5.jpg 990 980 900
Fig6.jpg 500 480 450
Fig6.jpg 550 520 520
Fig7.jpg 740 740 690
Fig7.jpg 760 750 710
Fig8.jpg 880 810 810
Fig8.jpg 860 840 820
Fig9.jpg 955 960 940
Fig9.jpg 970 950 910
Fig10.jpg 670 620 610
Fig10.jpg 690 660 650
Fig11.jpg 720 710 680
Fig11.jpg 740 760 720
Fig12.jpg 790 770 760
Fig12.jpg 880 850 780
Fig13.jpg 660 610 610
Fig13.jpg 700 700 670
Fig14.jpg 820 770 670
Fig14.jpg 830 800 790
Fig15.jpg 580 540 500
Fig15.jpg 550 540 490